1000
-16
-465
51
-239
-127
-431
393
42
457
-158
84
-486
245
248
-156
114
213
15
397
167
311
-257
-196
-177
22
-484
488
-291
23
130
-366
-141
165
-463
120
-109
-42
13
433
-84
-292
369
282
453
117
-373
68
-169
494
317
-150
306
-440
155
-19
82
-477
-31
-356
398
-49
130
-243
-32
-480
377
359
330
243
-356
-254
-197
-487
-471
-244
131
8
-324
-186
2
493
-484
160
-447
171
-359
488
-453
462
-16
445
-87
-386
55
-266
-366
284
-407
465
27
-262
63
330
103
444
-61
-266
304
115
400
159
109
417
-181
-486
440
313
-146
-161
-373
338
-215
393
453
340
-373
-61
124
-280
256
4
310
-180
186
-86
116
-375
-500
-79
-407
-247
-420
202
-330
251
-432
-38
64
275
302
192
113
-61
85
418
131
212
210
107
-216
-34
-389
-53
286
298
-287
-97
-225
-287
-324
-132
-34
-244
-78
488
-493
343
-49
424
118
105
116
83
-456
53
2
175
117
-288
-218
-247
-470
246
200
317
396
413
72
-329
-21
248
392
-203
-144
166
-214
215
9
-411
139
-21
-454
107
-437
-410
-340
417
-383
-371
-19
251
-117
11
-3
-417
180
-107
-151
104
417
328
-148
-339
-375
-440
327
263
276
189
-296
-85
-332
-250
-477
83
192
35
352
309
165
-167
61
-452
-303
-90
-17
-271
-344
332
334
-75
-488
-314
86
-10
99
-87
105
-125
-46
310
290
123
-88
-335
58
-395
-447
-89
414
218
-404
327
-382
-207
-262
101
23
246
286
-143
-329
-350
395
257
140
-6
22
98
-279
477
-92
-136
452
320
381
10
-223
434
421
-308
-496
-130
-129
-378
163
109
-424
38
-145
362
-253
26
-136
-5
135
-143
-159
-342
455
63
-13
215
427
-61
387
308
-199
-335
-405
75
209
-401
445
-420
-278
108
-458
-202
-1
249
12
-402
128
-272
93
-237
85
-213
273
40
350
-240
107
-371
199
-5
-211
-147
160
-116
428
-131
336
373
301
-442
333
343
208
-168
93
72
283
-279
300
-124
336
238
-485
110
-222
365
370
386
-154
422
233
488
-225
-107
224
-297
-386
60
-72
-233
118
-239
-389
178
446
-444
102
229
-223
255
-43
-387
-7
-27
223
-377
190
446
-491
-111
368
-406
-123
-5
-13
-399
-450
453
162
-22
-279
132
239
184
163
-463
240
-235
-382
-131
-128
76
-18
365
-99
58
489
-409
356
-150
332
224
-55
-291
71
-216
-189
121
90
-175
-401
-337
-191
-310
347
472
-272
87
90
198
-192
462
-226
-358
-320
-473
200
-331
-29
408
371
-197
484
-184
13
55
453
-324
-324
43
353
-225
-442
-338
318
405
-13
-102
344
-71
-404
-348
-109
223
-206
71
250
-153
-408
73
-245
464
377
-260
132
242
-353
437
-230
-176
332
-377
451
390
137
269
-353
-24
19
491
405
116
-5
149
191
-358
72
-59
341
165
-133
-52
481
-256
188
465
486
336
403
108
12
235
231
-37
126
220
85
273
-303
-396
-383
-398
-428
464
251
263
-394
-176
57
447
-159
424
-104
-178
20
-64
139
358
124
42
-34
-12
-222
49
452
-244
-231
389
-471
-34
-155
-2
421
270
-37
-476
385
69
-152
-58
369
-459
218
117
215
-262
-447
-145
-404
-470
397
62
18
27
-389
322
283
233
211
-335
51
-91
163
-28
31
-374
-3
-84
196
-303
359
417
91
77
34
-194
-332
87
-487
-236
469
411
-321
-12
290
142
162
74
-125
-126
239
-221
-365
-98
251
166
381
100
-418
77
-350
-207
-6
241
-277
-472
-101
-109
467
-87
-493
-211
176
-314
277
-34
-319
-61
-108
408
-335
-369
-313
152
386
-209
170
267
391
253
196
-107
-102
42
-14
121
422
386
-136
-259
-201
-128
30
475
58
159
293
-409
-49
-314
-500
468
169
-313
121
407
-22
143
-474
222
248
222
-33
-353
116
454
268
390
340
-367
-368
-361
357
-486
-34
267
174
-241
359
-23
297
359
-55
-33
-454
-82
-126
377
-438
-99
451
310
-25
-82
457
-408
-128
-422
482
-288
63
-34
203
272
-19
21
39
7
-367
-102
484
430
-243
281
-103
156
-300
-376
33
114
25
336
-76
-148
-246
234
-56
479
-336
279
43
-421
97
-253
351
-422
-380
-110
437
-247
-359
-227
36
-102
-445
-215
-446
107
-91
439
-279
-214
275
497
491
-118
-417
287
-139
99
66
404
178
16
3
381
94
476
124
384
81
265
-343
-383
-337
-288
255
70
319
16
361
-108
-345
489
-110
-354
-129
-27
433
-416
-75
352
488
-397
-132
344
-163
-186
320
461
-302
-99
-422
-144
371
93
420
126
-337
-408
-358
-123
-16
149
-134
374
295
-411
200
229
-327
-375
81
13
80
449
-143
-231
-237
29
-270
-38
-217
160
-330
-346
-246
-410
-368
269
-318
126
-354
-481
-224
364
-255
-77
453
445
-348
-374
-78
233
140
-145
-466
-151
124
150
-269
-293
-36
14
367
134
-480
-27
-424
4
-257
111
-370
241
130
258
106
375
-318
411
-327
186
-462
447
272
-470
-198
306
-121
427
308
110
-14
-228
-24
-147
406
-4
-321
-165
-500
-78
446
-17
15
428
93
-27
-345
-373
-115
180
-334
-77
128
438
-47
-218
-404
-316
61
405
-353
-453
-323
123
253
-64
-28
-216
271
324
-442
